CNF Parser Output
231 variable(s) and 1166 clause(s)
-149 -14 -4 -138 110 50 
-104 205 -184 -78 101 97 
-76 -6 
-8 133 
-137 130 
51 42 
87 -48 
33 -105 
-106 -135 
-178 225 
-61 -152 
-89 39 
122 19 
25 117 
13 -99 
183 133 
3 29 221 139 202 146 -144 
-67 -84 
115 190 
171 -5 
-181 225 
-31 53 
27 -161 109 140 170 30 105 -91 -218 178 169 5 -195 -114 
58 -77 
164 -83 
-202 -188 
141 40 
-46 -219 -213 52 -57 194 
-4 24 
149 -174 
-168 -121 
-135 153 
139 -144 29 202 3 146 9 
-151 225 
187 -83 
-197 -108 191 81 168 195 79 
195 41 
221 129 
-79 165 
114 183 
-228 104 
-181 -151 
217 -112 
108 -125 
-216 26 
49 193 
-137 -196 
161 -154 
40 -93 
-37 204 
123 157 -181 -116 174 -209 
123 -209 174 -220 157 -116 
-57 -219 -46 194 52 -154 
63 159 
139 29 146 202 3 -144 190 
40 -60 
53 -199 
-92 83 -227 -231 -163 216 136 
-134 75 
-16 161 
204 88 
-121 211 
-199 -140 
-113 -105 
124 207 
-3 214 
42 35 
15 -5 
-134 80 
-196 91 
96 127 
201 -56 
55 60 137 -101 -173 98 -160 167 176 8 -147 -193 -88 -210 
-12 -200 
63 -56 
-89 -27 
221 -109 
-18 133 
-18 21 
115 -109 
82 124 
173 229 
91 224 
-111 40 
-146 68 
10 -196 
-31 -103 
118 192 -222 76 179 -143 
-26 134 -164 -137 -1 -90 112 
43 -71 58 228 120 208 
163 -79 
-37 25 
-48 180 
15 150 
-84 -69 
-178 -186 
-137 -62 
119 218 
-112 -146 
-59 206 4 181 -122 31 -171 94 -183 -58 86 203 -145 11 
209 78 
-79 -146 
-22 -222 
126 -62 
-16 34 
-97 -194 
-189 171 
51 -27 
202 139 29 -203 -144 146 3 
159 207 
210 180 
-94 172 
146 -23 139 29 -144 3 202 
-55 81 168 191 -108 79 -197 
-178 -181 
-50 -97 
204 122 
123 -209 47 174 -116 157 
-73 53 
218 124 
-111 -93 
21 -22 
191 -197 -108 13 168 81 79 
40 -105 
-202 131 
36 197 
101 230 
-81 75 
-68 125 32 -75 185 -113 -211 
24 -200 
2 40 
-46 -219 -57 194 -45 52 
58 -89 
-231 177 
71 -110 
39 42 
-22 102 
1 -3 
-22 96 
75 227 
-220 -48 
-186 174 157 123 -209 -116 
112 -1 134 -90 -164 -26 -196 
198 24 
101 -5 
226 66 
-156 -110 
-69 195 
9 -203 
217 -146 
-5 150 
-94 -182 
10 162 
20 -67 
-94 -17 
122 -65 
-174 -192 
-209 123 157 174 225 -116 
-12 24 
-28 -211 125 -68 185 -75 32 
198 -30 
82 63 
24 100 
-14 50 -149 110 100 -138 
-181 -220 
161 -213 
-157 -50 
81 -108 191 79 168 -99 -197 
-68 185 -75 -93 32 125 -211 
-164 -1 134 -90 112 224 -26 
-175 -179 
-110 -118 
-3 -32 
20 -84 
-151 -220 
72 -203 
-50 -120 
70 -215 
-3 -44 
172 34 
161 -17 
-223 51 
-23 129 
-179 -52 
-109 9 
91 10 
-139 80 
-62 224 
211 -155 
-151 -186 
163 165 
87 -151 
102 133 
161 172 
87 180 
-189 150 
147 -154 
-11 195 
190 64 
121 44 -217 -36 -80 -73 188 
70 150 
-109 -98 
209 -208 
-109 -203 
33 -113 
214 -32 
217 165 
-134 -139 
118 -143 192 96 179 76 
-163 -152 216 -227 -92 136 83 
24 193 
160 -142 
-181 87 
91 -212 
-11 -84 
149 -43 
35 39 
72 -109 
9 115 
211 -168 
-74 35 
97 15 -104 205 -78 -184 
-152 177 
141 -206 
-98 -203 
-131 -165 -214 159 -158 155 -187 
-57 194 -219 -17 52 -46 
-106 -231 
33 -60 
180 225 
132 -5 
-105 -60 
-81 -134 
-203 115 
133 114 
39 -74 
-149 49 -138 50 -14 110 
197 144 
-48 47 
-125 -216 
-110 184 
-44 1 
187 144 
218 207 
127 -222 
-181 -186 
46 -110 
-104 -184 97 -5 -78 205 
-22 127 
-11 -99 
173 -103 
219 -174 
58 -74 
209 138 
66 53 
43 208 -71 228 120 35 
-98 9 
-93 -28 
-99 -85 
157 -116 -209 123 -178 174 
-167 207 
-112 163 
102 -8 
95 24 
-62 -212 
147 -16 
-203 -23 
-179 14 
46 -156 
-107 49 
-55 195 
71 46 
-208 -148 
-76 -157 
29 202 3 146 -98 139 -144 
122 -37 
75 80 
130 -196 
-29 92 
-83 36 
144 -185 
19 88 
66 -140 
-174 -43 
148 175 6 156 -128 -169 
-143 127 192 179 118 76 
138 143 
87 225 
-107 -4 
-188 131 
-50 -194 
-107 193 
129 115 
166 53 
95 -12 
-167 218 
-61 -135 
147 161 
25 204 
13 20 
130 10 
173 226 
166 -36 -80 -217 44 121 188 
-189 132 
-138 110 50 -30 -14 -149 
-79 -112 
-12 -30 
143 78 
-164 112 -26 -90 134 -1 -62 
-14 -138 -12 110 50 -149 
59 -137 
131 -125 
-113 141 
-169 25 
-6 -120 
173 66 
-94 -16 
201 63 
-222 183 
90 -155 
207 119 
225 -186 
-56 124 
-168 92 
201 -167 
230 150 
-68 185 -75 125 -211 40 32 
-167 -56 
214 -44 
102 114 
145 -142 
-94 -213 
64 221 
42 -74 
-107 198 
122 117 
77 -96 84 -224 -53 -129 -40 48 7 17 200 56 37 106 
102 127 
-215 171 
13 -84 
-4 -30 
-78 97 -104 -189 -184 205 
-74 -176 
21 96 
-18 127 
-196 162 
-3 -136 
166 226 
158 -139 
-156 116 
161 34 
187 197 
-67 195 
3 29 -144 146 139 129 202 
130 59 
162 -62 
165 68 
21 102 
24 -107 
-140 53 
187 164 
-216 -202 
159 124 
-61 -231 
-61 145 
70 171 
47 -181 
-16 -213 
161 -45 
-211 -68 -75 32 125 -60 185 
139 -144 202 146 3 29 72 
-93 -60 
96 102 
158 80 
-65 -169 
87 -220 
-50 -76 
76 192 -143 21 179 118 
-81 227 
34 -45 
118 76 192 179 -143 -18 
49 -12 
180 -151 
-8 183 
19 25 
47 -178 
21 127 
-125 -202 
64 -109 
-7 -189 
-98 72 
221 -23 
-55 -11 
108 -216 
88 25 
-228 -179 
172 -45 
108 -188 
-16 -45 
20 -69 
58 -223 
-170 153 
-197 191 -108 81 168 -85 79 
-18 102 
228 39 -71 208 43 120 
-38 -54 
95 -200 
119 -86 
20 -99 
-112 165 
-77 35 
58 -176 
224 -137 
-16 172 
228 120 -77 43 -71 208 
161 194 -46 -57 52 -219 
-111 -105 
110 -14 193 -138 -149 50 
229 -73 
-29 211 
218 201 
88 -169 
-55 -99 
163 -146 
-106 153 
-32 -136 
-46 -16 -57 52 -219 194 
-31 166 
126 -212 
160 -231 
90 211 
-7 230 
32 -75 -211 33 -68 125 185 
126 10 
229 166 
-142 216 -163 136 -227 83 -92 
-99 -84 
-189 -5 
-32 -44 
-8 -22 
-123 104 
-199 -73 
-167 159 
58 42 
150 -215 
-167 -86 
-138 50 24 -14 110 -149 
-175 14 
-67 -55 
123 -116 174 157 -209 210 
-214 -167 -187 -131 -158 155 -165 
-196 224 
-231 145 
180 -220 
76 -143 192 179 114 118 
208 43 120 42 228 -71 
100 49 
-23 9 
97 -78 205 -184 -104 -7 
-77 -89 
166 173 
9 64 
-152 -142 
147 -219 -57 52 194 -46 
-86 201 
-199 -31 
-45 -154 
145 160 
-194 -157 
134 -90 126 -164 112 -1 -26 
-71 228 -223 43 208 120 
-104 97 171 205 -184 -78 
134 -164 112 59 -26 -90 -1 
156 6 148 175 122 -128 
145 177 
197 -185 
-206 -93 
-191 -32 
-223 35 
-140 229 
177 -142 
47 210 
97 205 -78 -184 150 -104 
208 43 120 228 -71 -74 
128 -205 
-14 -138 110 95 50 -149 
190 -203 
-205 -43 
159 82 
-56 207 
-57 -219 -94 -46 52 194 
50 -107 -138 -149 -14 110 
210 -186 
104 -179 
121 -36 -80 -199 44 188 -217 
-191 214 
128 219 
-191 -3 
9 221 
-203 64 
6 148 175 156 -128 25 
-11 41 
70 101 
-206 33 
177 -170 
92 90 
-227 177 136 -92 83 216 -163 
-215 -7 
-38 25 
-152 -231 
10 224 
-178 87 
-7 101 
91 130 
-73 66 
59 91 
110 198 50 -138 -149 -14 
-137 10 
-220 47 
-155 -121 
-189 101 
32 -206 185 -68 -75 -211 125 
-154 -213 
-29 -121 
183 -18 
20 -55 
-157 -6 
-118 184 
119 63 
-135 -142 
-61 -106 
42 -77 
-27 39 
-176 39 
-62 10 
57 -208 
133 21 
100 -12 
183 127 
90 -168 
43 208 228 -71 120 51 
-136 214 
-197 168 -67 79 81 191 -108 
171 230 
-61 -170 
-60 -111 
-98 221 
128 149 
166 -199 
-186 180 
-182 -213 
102 -222 
210 -151 
-164 134 162 -90 -1 -26 112 
-152 160 
-30 24 
-18 96 
210 -178 
-121 90 
-107 100 
157 -116 -151 123 -209 174 
116 184 
-112 68 
143 -208 
58 -27 
197 164 
100 -200 
119 82 
-7 150 
175 -54 148 -128 156 6 
2 -206 
-65 25 
143 209 
-89 228 43 120 208 -71 
-209 -116 157 87 174 123 
-123 14 
193 -30 
183 102 
221 190 
68 217 
-208 78 
-66 212 107 -34 -124 -190 18 -153 -47 -19 223 -230 111 99 
47 180 
-83 -185 
-189 -215 
-223 -27 
1 -32 
-92 83 216 136 -106 -163 -227 
101 171 
-139 227 
214 1 
-85 -11 
-212 10 
-11 20 
-116 123 -48 174 157 -209 
-98 190 
-60 -28 
-31 -73 
177 -106 
70 132 
-167 63 
-65 88 
26 131 
-69 -85 
15 171 
125 32 -75 -105 -211 185 -68 
204 -38 
-69 -11 
64 115 
66 -31 
1 -136 
228 208 120 -176 43 -71 
-140 173 
119 201 
131 108 
-116 174 180 123 -209 157 
-12 193 
129 9 
-212 130 
-78 205 70 -104 97 -184 
87 47 
-170 160 
226 53 
-28 -105 
226 -73 
158 227 
132 171 
-98 -23 
-85 20 
196 154 -132 -35 -2 -133 -63 54 69 12 103 -180 -177 23 
224 59 
119 -56 
183 -22 
-99 195 
193 95 
-54 -37 
188 44 -80 -103 -36 -217 121 
40 33 
153 145 
79 191 -84 -108 168 -197 81 
-136 -191 
153 -231 
76 118 -143 192 -8 179 
153 160 
172 -213 
13 -11 
91 -62 
2 -60 
14 -52 
-135 -152 
221 72 
96 -8 
-65 -37 
-94 161 
-192 219 
-31 173 
-192 149 
122 -169 
-55 -69 
227 80 
88 117 
53 229 
6 156 148 175 -128 117 
43 120 -71 -27 228 208 
-222 133 
-170 -106 
-170 145 
145 -106 
187 -185 
-140 -73 
144 164 
83 216 136 -227 -163 -92 -135 
-223 -77 
147 -45 
9 190 
-181 180 
-99 -67 
-27 -77 
19 175 6 -128 156 148 
-222 114 
96 133 
-142 153 
-182 161 
207 82 
41 -85 
-105 141 
122 25 
-123 -52 
2 -111 
-156 184 
118 192 76 -143 179 133 
88 156 175 -128 6 148 
16 -13 -21 151 142 -150 -166 -119 -130 93 -198 74 -72 -117 
127 -8 
226 229 
51 -89 
-176 -27 
57 209 
24 49 
40 -113 
-212 59 
-176 -77 
177 -135 
-79 217 
82 201 
-103 66 
-67 41 
40 -206 
129 -98 
-4 -200 
210 -48 
15 -7 
96 -222 
108 -202 
-152 153 
-73 166 
-81 -139 
221 115 
130 224 
-23 190 
-219 194 -46 -57 34 52 
-120 -97 
-194 -76 
-84 195 
-93 33 
-131 -158 -187 -56 -214 155 -165 
6 -37 175 -128 156 148 
-164 134 -1 112 -26 -90 91 
-89 -176 
-174 128 
19 204 
-214 -158 -131 155 119 -165 -187 
-139 75 
173 53 
190 -109 
-148 57 
-93 -105 
117 -38 
-30 -107 
58 51 
100 95 
132 230 
68 163 
114 21 
-146 165 
-213 -45 
-200 -30 
-38 -37 
-155 -168 
-99 41 
191 81 168 41 79 -108 -197 
72 64 
-54 19 
-186 -48 
130 126 
49 -4 
-29 90 
117 -54 
-103 229 
184 46 
-69 13 
-220 210 
164 36 
198 -200 
-178 -220 
129 64 
-223 -74 
-217 -36 -80 121 188 229 44 
-168 -29 
124 -86 
-7 132 
219 -205 
-43 -192 
-170 -152 
42 -89 
70 -7 
75 158 
19 -38 
187 36 
71 -118 
-27 -74 
-94 -45 
-152 145 
-140 226 
-167 82 
162 -137 
21 183 
177 160 
-54 88 
180 -178 
159 -86 
-223 42 
70 15 
119 124 
41 -84 
-154 -16 
-113 2 
-62 59 
159 -56 
117 -169 
138 78 
51 -176 
-98 115 
-95 213 186 -201 85 -115 215 65 -226 61 -141 -102 -39 -162 
-41 -15 -204 45 -24 -159 62 135 113 22 89 199 220 -221 
-175 -123 
-156 71 
144 36 
129 -203 
-5 -7 
19 -37 
-86 82 
193 198 
-217 44 -80 -36 188 53 121 
229 -31 
2 33 
-205 -174 
38 -100 -20 -70 -10 222 -51 -87 231 -229 -9 -33 -207 -172 
-76 -97 
190 129 
159 218 
-83 197 
143 57 
-156 -118 
-223 -176 
14 -228 
122 88 
-12 -107 
183 -143 118 179 192 76 
73 -64 -25 189 -82 152 28 67 -127 -49 -126 -225 -42 182 
162 -212 
-106 -142 
70 230 
-222 21 
-212 -196 
230 -215 
150 101 
-205 149 
158 -134 
-85 -67 
-12 -4 
-227 216 -92 -61 136 83 -163 
-37 -169 
225 47 
114 127 
-6 -50 
184 71 
158 -81 
34 147 
-17 -213 
63 218 
-178 -48 
160 -106 
-135 145 
131 -216 
-181 -48 
193 -200 
21 -8 
133 -22 
-105 2 
124 201 
95 -4 
53 -103 
-215 15 
-140 166 
15 101 
-22 -18 
-148 143 
126 224 
76 179 -22 -143 192 118 
-55 -84 
191 -197 20 79 168 81 -108 
15 132 
126 162 
141 33 
-196 126 
198 49 
-55 -85 
-175 104 
47 -186 
-148 138 
-8 -222 
-113 -93 
63 124 
-206 -60 
9 72 
19 -65 
-28 -111 
-135 -231 
207 63 
26 -202 
32 -75 -111 125 185 -211 -68 
-77 -74 
-169 -38 
195 13 
-69 41 
-89 -74 
-189 15 
204 148 -128 175 156 6 
78 -148 
-77 51 
183 96 
121 -36 226 44 188 -217 -80 
-54 204 
-182 34 
147 -182 
133 127 
-78 -215 97 -104 205 -184 
-28 -113 
-27 35 
-212 -137 
218 -56 
173 -36 -217 44 -80 188 121 
147 -17 
-105 -206 
149 219 
226 -31 
-89 35 
164 -185 
190 72 
173 -73 
-6 -194 
-55 41 
-152 -106 
-45 -17 
71 116 
82 155 -158 -214 -165 -131 -187 
192 118 76 -143 102 179 
-227 136 216 -170 83 -92 -163 
201 -165 -158 -187 -214 155 -131 
227 -134 
-60 -113 
-188 -125 
-55 13 
-54 -169 
66 229 
-178 -151 
-5 -215 
57 138 
116 -110 
-148 209 
19 -169 
39 -223 
-140 -31 
-86 63 
-69 -99 
34 -213 
216 153 83 -92 136 -163 -227 
33 -111 
-103 -140 
-65 204 
218 82 
-125 26 
-52 -175 
-188 26 
147 -213 
68 -79 
72 -23 
50 -138 -149 -14 110 -200 
-23 64 
172 -17 
-52 -228 
-170 -142 
195 20 
160 -61 
-137 91 
40 -28 
-8 114 
83 -227 136 -92 160 -163 216 
-109 129 
2 -93 
122 -54 
117 -37 
-228 -123 
25 -54 
-182 172 
-45 -182 
114 -22 
121 -36 -140 -80 -217 188 44 
59 -196 
130 -62 
10 59 
175 148 6 -38 -128 156 
115 72 
-61 153 
2 -28 
-187 -131 -165 -214 -158 218 155 
-123 -179 
198 -12 
122 -38 
-103 226 
-165 -158 -187 -214 155 -86 -131 
171 -7 
230 -189 
-222 -18 
-176 35 
34 -17 
-86 -56 
-121 92 
-61 -142 
146 139 -144 3 -109 29 202 
-206 -113 
-167 119 
-192 128 
-214 -158 155 -187 -131 -165 207 
-170 -135 
80 -81 
-4 193 
146 3 29 139 -144 64 202 
-4 100 
-67 -11 
59 162 
-85 13 
88 -38 
87 -186 
72 129 
58 39 
-5 70 
46 -118 
-11 191 168 81 79 -108 -197 
-30 100 
-220 225 
95 198 
-89 -223 
78 57 
115 -23 
92 -155 
-199 -103 
-56 82 
-23 -109 
172 -154 
117 19 
-111 141 
-26 -1 134 112 -90 130 -164 
66 -199 
41 20 
-65 117 
51 -74 
-227 216 83 -92 145 -163 136 
-37 88 
100 198 
-184 230 -104 205 -78 97 
224 162 
-154 -17 
49 -30 
221 -203 
114 96 
-86 218 
35 51 
-5 230 
-18 114 
-231 -170 
-4 198 
-169 204 
49 95 
-16 -182 
-67 13 
70 -189 
-188 -216 
-103 -73 
-69 -67 
39 -77 
219 -43 
-142 -231 
-182 194 -46 52 -57 -219 
226 -199 
-27 42 
-175 -228 
-120 -76 
100 193 
-85 195 
207 201 
-16 -17 
66 166 
162 91 
-135 160 
-182 -17 
-83 144 
-84 -85 
-94 34 
-111 -206 
-200 -107 
-154 34 
42 -176 
-165 -131 155 -158 -214 124 -187 
-151 -48 
-36 66 -217 44 121 -80 188 
132 101 
204 117 
172 147 
210 225 
64 -98 
112 -90 -26 -1 134 -212 -164 
-65 -38 
-60 141 
-154 -182 
-120 -157 
119 159 
104 -52 
51 39 
-200 49 
-220 -186 
6 148 -128 156 -65 175 
-61 177 
3 139 115 -144 29 146 202 
153 177 
-136 -44 
-181 210 
141 -28 
95 -30 
-197 -69 81 191 -108 79 168 
87 210 
104 14 
47 -151 
150 171 
-54 -65 
-44 -191 
166 -103 
-29 -155 
132 -215 
225 -48 
-212 224 
-97 -157 
-208 138 
1 -191 
126 91 
-8 -18 
173 -199 
162 130 
229 -199 
-205 -192 
-120 -194 
-184 205 97 -104 -78 132 
230 15 
147 -94 
-75 -68 141 32 185 -211 125 
95 -107 
-113 -111 
59 126 
-6 -97 
-75 -211 -68 32 2 125 185 
35 58 
150 132 
-154 -94 
116 -118 
-164 -26 10 134 -1 112 -90 
-165 63 -187 -158 -131 155 -214 
-86 207 
211 92 
141 2 
172 194 -57 -46 52 -219 
-137 126 
163 217 
-28 -206 
13 41 
36 -185 
159 201 
46 116 
141 -93 
33 -28 
-215 101 
26 108 
124 -167 
-196 -62 
-43 128 
-217 188 -31 -36 44 -80 121 
